2,2
2,1
2,0
1,8
1,7
1,6
1,5
1,4
1,3
1,2
1,1
1,0
0,511
0,510
0,503
0,499
0,498
0,497
0,491
0,489
0,485
0,483
0,482
0,481
0,464
0,463
0,460
0,458
0,457
0,456
0,454
0,449
0,447
0,443
0,440
0,435
0,434
0,429
0,424
0,422
0,418
0,417
0,411
0,409
0,404
0,403
0,402
0,397
0,391
152,1
0,389
0,388
152,3
0,385
0,384
152,0
503,132
0,382
503,1
0,375
503,3
0,374
0,368
0,365
0,360
0,377
0,358
503,0
61,7
61,1
0,357
0,350
0,322
0,320
0,317
0,312
61,3
0,445
0,376
0,243
61,0
173,1
173,3
173,0
174,1
174,3
0,448
0,451
174,0
0,349
0,9
0,310
0,305
0,341
0,336
0,330
0,492
0,459
0,455
0,450
0,446
0,432
0,475
0,476
0,453
0,474
0,466
0,490
0,462
0,461
0,352
0,308
0,304
0,303
0,302
0,307
0,444
0,12
0,373
0,10
0,452
0,8
0,0
0,441
0,300
0,364
0,299
0,427
0,298
0,328
0,297
0,296
0,401
0,295
0,469
0,294
0,438
0,293
0,396
0,292
0,430
0,291
0,484
0,290
0,324
0,289
0,428
0,288
0,468
0,287
0,506
0,286
0,415
0,285
0,319
0,284
0,505
0,283
0,282
0,479
0,281
0,426
0,280
0,472
0,279
0,509
0,278
0,439
0,277
0,465
0,276
0,331
0,275
2,3
2,4
2,6
2,7
2,9
2,10
2,12
2,14
2,15
2,17
2,18
2,20
2,22
2,23
2,25
2,26
2,28
2,29
2,31
2,33
2,34
2,64
2,65
2,67
2,69
2,70
2,72
2,73
2,75
2,76
2,78
2,80
2,81
2,83
2,84
2,86
2,88
2,89
2,91
2,92
2,94
2,95
2,97
2,99
2,100
2,102
2,103
2,105
2,107
2,108
2,110
2,111
2,113
2,115
2,116
2,118
2,119
2,121
2,122
2,124
2,126
2,127
2,129
2,130
2,132
3,1
3,2
3,4
3,5
4,0
4,1
4,3
24,1
24,2
24,4
24,5
24,7
24,9
25,0
25,2
25,3
25,5
25,6
25,8
25,10
25,11
25,13
25,14
25,16
25,18
25,19
25,21
25,22
25,24
26,0
26,1
26,3
26,4
26,6
26,7
26,9
26,11
26,12
26,14
26,15
26,17
26,19
26,20
27,0
27,1
27,3
27,4
27,6
27,8
27,9
27,11
27,12
27,14
27,16
27,17
27,19
27,20
27,22
27,23
27,25
28,1
28,2
28,4
28,5
28,7
29,0
29,1
29,4
30,0
30,3
30,4
30,6
31,1
31,3
32,0
32,1
32,5
33,0
33,1
33,4
33,5
34,0
34,2
34,3
34,5
34,6
35,1
35,2
35,4
35,6
35,7
36,1
36,2
36,4
36,6
36,7
36,9
37,0
37,3
37,4
38,0
38,2
38,3
39,0
39,1
39,4
40,1
40,2
40,4
40,5
41,1
41,2
41,4
42,0
42,1
42,4
42,5
43,1
43,4
43,5
43,9
43,10
43,12
43,14
44,0
44,3
44,4
45,1
45,3
46,0
46,3
47,0
47,2
47,3
48,0
48,3
48,4
48,6
49,0
49,3
49,4
49,7
50,1
50,3
50,5
50,6
51,1
51,4
51,5
51,7
52,0
52,3
52,4
53,0
53,3
53,4
54,0
54,1
54,4
55,0
55,1
55,5
56,0
56,3
56,4
56,6
57,1
57,3
58,0
58,1
58,4
59,0
59,1
59,3
59,4
60,1
60,4
61,2
61,5
61,6
62,0
62,1
62,3
62,5
62,6
62,8
62,9
62,11
62,13
62,14
62,16
62,17
63,0
63,1
63,3
63,5
64,0
64,2
64,3
64,5
65,0
65,1
66,0
66,1
66,4
67,0
67,3
68,1
68,3
69,1
69,3
70,1
71,0
71,1
72,0
72,1
73,0
73,3
74,0
74,3
74,6
75,0
75,1
75,5
76,1
76,2
76,4
76,5
77,0
77,3
78,0
78,2
78,3
78,5
78,6
78,8
78,10
78,11
79,0
79,1
79,4
80,0
80,1
80,4
80,5
81,1
81,3
81,5
82,1
82,3
82,5
83,0
83,2
83,4
83,5
83,7
83,8
83,10
84,1
84,2
84,4
84,5
84,7
84,8
84,10
84,12
84,13
84,15
84,16
84,18
84,20
84,21
84,23
84,24
84,26
84,27
84,29
84,31
84,32
84,34
84,35
84,37
84,39
84,40
84,42
85,0
85,3
85,4
85,6
86,1
86,3
86,5
87,0
87,3
88,1
88,3
89,1
89,3
90,0
90,1
90,3
90,5
90,6
91,0
91,1
91,3
91,5
91,6
92,0
92,1
92,3
92,5
92,6
93,1
93,2
93,4
93,5
94,1
94,3
94,4
94,6
95,0
95,3
95,5
96,0
96,2
96,3
97,0
97,1
97,4
98,1
98,3
99,0
99,1
99,3
99,5
99,6
100,0
100,1
100,3
100,4
100,6
101,1
101,3
102,0
102,1
103,0
103,3
104,0
104,3
105,0
105,3
106,1
106,3
107,1
107,3
108,1
108,3
109,1
109,3
109,4
110,1
110,2
111,0
111,2
111,3
112,1
112,2
112,4
113,0
113,2
113,4
114,0
114,3
115,0
115,3
116,1
116,3
117,0
117,1
117,4
118,0
118,3
119,0
119,1
119,4
119,5
120,1
120,4
120,5
121,1
121,2
121,4
121,5
122,1
122,3
122,4
122,6
122,7
122,9
122,11
122,12
123,1
123,2
123,4
123,6
123,7
123,9
124,0
124,3
124,4
125,1
125,3
125,4
125,6
125,7
125,9
126,1
126,2
126,4
126,5
126,7
126,8
126,10
127,0
127,1
127,3
127,4
127,6
127,8
127,9
127,11
127,12
128,1
128,3
129,0
129,3
129,7
130,1
130,3
131,1
131,3
131,4
132,0
132,1
132,4
132,7
133,0
133,3
134,0
134,3
134,4
134,7
135,1
135,3
136,0
136,1
136,5
137,1
137,3
137,5
137,6
138,1
138,3
139,0
139,3
139,4
140,1
140,3
141,0
141,3
142,0
142,3
142,4
143,1
143,2
143,4
144,0
144,1
144,4
144,5
145,1
146,0
146,1
147,0
147,1
148,0
148,1
149,0
149,3
150,0
150,2
150,3
151,0
151,2
151,3
152,4
152,5
152,7
152,9
152,10
153,0
153,1
153,4
153,5
154,1
154,4
155,0
155,2
155,3
156,1
156,3
156,4
157,0
157,1
158,0
158,1
158,4
159,1
159,2
159,4
160,0
160,2
160,4
160,5
160,7
161,0
161,3
161,4
161,6
162,1
162,3
162,5
163,0
163,3
164,0
164,1
164,3
164,4
164,6
164,8
164,9
164,11
164,12
164,14
165,0
165,2
165,4
165,5
165,7
166,0
166,3
167,0
167,1
167,5
167,6
168,1
168,3
169,0
169,3
169,4
170,1
170,3
170,5
171,1
171,3
172,1
172,3
173,4
173,5
173,7
173,9
174,2
174,5
175,0
175,3
176,1
176,3
177,0
177,1
177,4
178,0
178,1
178,5
179,0
179,3
179,4
180,1
180,4
181,0
181,3
181,4
182,0
182,3
182,5
183,0
183,1
183,4
184,0
184,3
184,6
185,0
185,3
185,4
186,1
186,4
187,0
187,3
187,4
188,1
188,3
188,5
189,1
189,3
190,0
190,1
190,4
191,1
191,3
191,5
192,0
192,3
192,4
193,1
193,5
194,0
194,3
194,6
195,1
196,0
196,1
197,0
197,1
197,5
198,1
198,2
198,4
199,0
199,2
199,3
199,5
200,0
200,1
201,0
201,1
201,3
202,0
202,1
203,0
203,1
204,0
204,1
204,5
205,1
205,3
206,0
206,1
206,5
207,1
207,3
207,5
207,6
208,1
208,3
209,0
209,3
209,4
210,1
210,3
211,0
211,3
211,5
212,1
212,3
213,0
213,3
213,5
214,1
214,3
215,0
215,1
215,5
216,1
216,3
217,0
217,1
217,4
218,1
218,3
219,0
219,1
219,5
220,0
220,3
220,5
220,6
221,1
221,3
222,1
223,0
223,1
224,0
224,1
225,0
225,1
225,4
225,6
226,0
226,3
226,4
227,1
227,4
228,0
228,3
228,4
228,6
229,0
229,3
230,0
230,1
230,5
231,0
231,3
231,5
232,0
232,3
232,5
233,1
233,4
233,5
234,1
234,3
235,1
235,3
235,5
236,1
236,3
237,1
237,2
237,4
237,6
238,0
238,3
238,4
239,0
239,1
239,5
240,1
240,3
240,8
241,0
241,3
242,0
242,1
242,4
243,0
243,3
243,5
244,1
244,4
245,0
245,3
245,4
246,1
246,5
246,6
247,1
247,3
248,1
249,0
249,1
250,0
250,1
250,4
251,0
251,3
252,1
252,3
253,1
253,3
254,1
255,0
255,1
256,0
256,1
257,0
257,1
258,0
258,3
258,4
259,1
259,3
260,0
260,3
260,4
261,1
261,3
262,0
262,1
262,4
263,1
263,3
264,0
264,1
264,4
265,1
265,3
265,5
266,0
266,3
267,0
267,2
267,4
267,5
268,1
268,2
268,4
269,1
269,2
269,4
270,0
270,2
270,4
271,0
271,2
271,3
271,5
271,6
272,1
272,3
272,4
273,1
273,2
273,4
274,1
274,2
274,4
275,0
275,2
275,3
276,0
276,2
276,3
277,0
277,1
277,3
278,0
278,1
278,3
278,4
279,1
279,2
279,4
280,1
280,2
280,4
281,0
281,2
281,4
282,0
282,2
282,3
283,0
283,2
283,3
284,0
284,1
284,3
284,4
285,1
285,3
285,4
286,0
286,1
286,3
287,0
287,1
287,3
287,4
288,0
288,1
288,3
289,0
289,1
289,3
289,4
290,1
290,3
290,4
291,1
291,2
291,4
291,5
292,1
292,3
292,4
292,6
292,7
293,0
293,2
293,3
293,5
293,6
294,0
294,2
294,3
294,5
294,6
295,0
295,1
295,3
295,5
296,0
296,2
296,3
296,5
297,0
297,1
297,3
297,4
297,6
298,0
298,2
299,0
299,1
299,3
299,4
299,6
299,8
300,0
300,2
300,3
300,5
300,6
301,0
301,2
301,3
302,0
302,1
302,3
303,0
303,1
303,3
303,4
304,1
304,2
304,4
304,6
304,7
305,1
305,2
305,4
305,6
305,7
306,1
306,2
306,4
306,6
306,7
307,0
307,1
307,3
307,4
308,1
308,3
308,4
309,1
309,2
309,4
309,6
310,0
310,2
310,3
311,0
311,1
311,3
311,5
312,0
312,2
312,3
312,5
313,1
313,2
313,4
313,5
314,1
314,2
314,4
315,1
315,2
315,4
316,0
316,2
316,4
316,5
317,1
317,2
317,4
317,6
318,0
318,2
318,3
318,5
319,0
319,2
319,4
319,5
320,0
320,1
320,3
320,5
320,6
321,1
321,2
321,4
321,5
322,1
322,3
322,4
323,1
323,2
323,4
324,1
324,2
324,4
324,5
324,7
325,0
325,2
325,4
325,5
325,7
325,8
326,0
326,2
326,3
326,5
326,6
327,1
327,2
327,4
327,6
328,0
328,2
328,3
328,5
329,0
329,1
329,3
329,4
329,6
330,0
330,1
330,3
330,4
331,1
331,2
331,4
331,6
331,7
332,1
332,2
332,4
332,6
333,0
333,2
333,3
334,0
334,1
334,3
334,5
334,6
335,1
335,2
335,4
336,1
336,2
336,4
337,0
337,2
337,3
337,5
338,1
338,2
339,0
339,1
339,3
340,0
340,1
340,3
340,4
340,6
340,8
341,0
341,2
341,3
341,5
342,0
342,2
342,4
343,0
343,2
343,3
344,0
344,2
344,3
345,0
345,1
345,3
345,4
346,1
346,3
346,4
347,0
347,1
347,3
347,5
347,6
348,0
348,1
348,3
348,4
349,0
349,2
349,3
349,5
350,0
350,2
350,4
350,5
351,0
351,1
351,3
351,4
351,6
352,1
352,2
352,4
353,0
353,2
353,4
354,0
354,2
354,3
354,5
355,0
355,1
355,3
355,4
356,1
356,2
356,4
356,6
356,7
357,1
357,2
357,4
358,1
358,2
358,4
358,5
359,1
359,2
359,4
360,1
360,2
360,4
361,0
361,2
361,4
361,5
362,1
362,2
362,4
362,5
363,1
363,3
363,4
364,1
364,2
364,4
364,6
365,0
365,2
365,3
365,5
365,7
365,8
366,1
366,2
366,4
366,5
367,1
367,3
367,4
368,1
368,2
368,4
369,1
369,2
369,4
369,5
370,1
370,2
370,4
371,1
371,2
371,4
372,0
372,2
372,4
373,0
373,2
373,3
373,5
373,6
374,0
374,2
374,3
374,5
375,0
375,2
375,4
375,5
376,0
376,1
376,3
376,5
377,0
377,2
377,3
377,5
377,6
378,1
378,3
378,4
379,0
379,1
379,3
379,5
379,6
380,1
380,2
380,4
380,5
381,1
381,3
381,4
382,1
382,2
383,0
383,2
383,3
383,5
383,6
384,1
384,2
384,4
385,0
385,1
385,3
385,4
386,1
386,3
386,4
387,1
387,2
387,4
387,5
388,1
388,3
388,4
389,0
389,1
389,3
390,0
390,1
390,3
390,4
391,1
391,3
391,4
392,0
392,1
392,3
393,0
393,2
393,4
394,0
394,2
394,3
394,5
395,0
395,1
395,3
395,4
395,6
396,0
396,2
396,4
396,5
397,1
397,2
397,4
397,6
398,0
398,2
398,3
398,5
399,0
399,2
399,4
399,5
399,7
399,8
400,1
400,3
400,4
400,6
401,0
401,2
401,4
401,5
402,0
402,1
402,3
402,4
402,6
403,1
403,2
403,4
404,0
404,2
404,4
404,5
405,1
405,2
405,4
406,0
406,2
406,4
407,0
407,2
407,3
407,5
408,0
408,1
408,3
408,4
409,0
409,1
409,3
410,0
410,1
410,3
410,4
411,0
411,2
411,3
411,5
411,6
412,1
412,2
412,4
413,0
413,1
413,3
413,4
413,6
414,1
414,2
414,4
414,5
415,1
415,3
415,4
415,6
416,0
416,2
416,3
416,5
416,7
416,8
417,1
417,2
417,4
418,1
418,2
418,4
418,5
419,0
419,1
419,3
419,5
420,0
420,2
420,3
421,0
421,2
421,3
422,0
422,1
422,3
422,4
422,6
423,0
423,1
423,3
424,0
424,2
424,4
425,0
425,2
425,3
426,0
426,2
426,3
426,5
426,6
427,1
427,2
427,4
428,1
428,2
428,4
429,0
429,2
429,4
430,0
430,2
430,3
430,5
430,6
431,0
431,2
431,3
432,0
432,1
432,3
432,5
433,0
433,2
433,3
434,0
434,1
434,3
434,5
436,0
436,2
436,3
436,5
436,7
436,8
437,0
437,1
437,3
438,0
438,2
439,0
439,1
439,3
440,0
440,2
441,0
441,1
441,3
442,0
442,2
443,0
443,1
443,3
444,0
444,2
444,3
445,1
445,3
446,0
446,2
446,3
447,1
447,3
448,0
448,2
448,3
448,5
448,6
449,1
449,3
449,4
450,1
450,2
450,4
450,6
450,7
450,9
450,10
451,0
451,1
451,3
451,5
451,6
452,1
452,2
452,4
452,6
453,0
453,2
453,3
454,0
454,2
454,3
454,5
455,0
455,2
455,3
455,5
456,0
456,1
456,3
456,4
457,0
457,2
457,3
457,5
458,0
458,2
458,3
459,0
459,2
459,3
459,5
460,0
460,2
461,0
461,1
461,3
461,4
461,6
461,7
462,1
462,3
463,0
463,2
463,3
464,1
464,3
464,4
464,6
465,0
465,2
465,4
465,5
466,0
466,1
466,3
466,4
467,1
467,3
467,4
467,6
467,7
468,1
468,3
468,4
469,0
469,1
469,3
469,4
470,0
470,2
470,3
470,5
471,0
471,2
471,4
471,5
472,0
472,1
472,3
472,4
473,1
473,3
473,4
474,0
474,1
474,3
474,5
474,6
475,0
475,1
475,3
475,4
476,0
476,2
476,3
476,5
477,0
477,2
478,0
478,1
478,3
478,4
479,0
479,2
479,3
480,0
480,1
480,3
480,4
481,0
481,2
481,3
481,5
482,0
482,2
482,4
482,5
483,1
483,2
483,4
483,5
484,1
484,3
484,4
485,0
485,1
485,3
486,0
486,1
486,3
486,4
487,0
487,1
487,3
487,5
488,0
488,2
488,3
488,5
489,1
489,2
489,4
490,0
490,2
491,0
491,1
491,3
491,4
491,6
491,7
492,1
492,3
492,4
493,1
493,2
493,4
494,1
494,2
494,4
495,0
495,2
495,3
496,0
496,2
496,3
496,5
497,0
497,2
497,4
498,0
498,2
498,3
499,0
499,1
499,3
500,0
500,1
500,3
500,4
501,1
501,3
501,4
502,1
502,2
502,4
503,2
503,5
503,7
503,8
503,10
503,11
503,13
503,15
503,16
503,18
503,19
503,21
503,23
503,24
503,26
503,27
503,29
503,30
503,32
503,34
503,35
503,37
503,38
503,40
503,42
503,43
503,45
503,46
503,48
503,49
503,51
503,53
503,54
503,56
503,57
503,59
503,61
503,62
503,64
503,65
503,67
503,68
503,70
503,72
503,73
503,75
503,76
503,78
503,80
503,81
503,83
503,84
503,129
503,131
506,0
506,2
506,3
527,0
527,1
527,3
528,1
528,2
528,4
529,0
529,2
529,4
529,5
530,1
530,2
530,4
531,0
531,2
532,0
532,1
532,3
533,0
533,2
534,0
534,1
534,3
535,0
535,2
535,3
536,1
536,3
536,4
536,6
536,7
536,9
536,11
536,12
536,14
536,15
536,17
536,18
536,20
536,22
536,23
536,25
536,26
536,28
536,30
536,31
536,33
536,34
537,0
537,2
537,3
538,1
538,2
538,4
539,0
539,2
539,4
540,0
540,2
540,3
541,1
541,3
542,0
542,2
542,3
543,1
543,2
544,0
544,2
544,3
545,1
545,2
545,4
545,3
545,0
544,1
543,3
543,0
542,1
541,2
541,0
540,1
539,3
539,1
538,3
538,0
537,1
536,35
536,32
536,29
536,27
536,24
536,21
536,19
536,16
536,13
536,10
536,8
536,5
536,2
536,0
535,1
534,2
533,3
533,1
532,2
531,3
531,1
530,3
530,0
529,3
529,1
528,3
528,0
527,2
506,4
506,1
503,130
503,128
503,82
503,79
503,77
503,74
503,71
503,69
503,66
503,63
503,60
503,58
503,55
503,52
503,50
503,47
503,44
503,41
503,39
503,36
503,33
503,31
503,28
503,25
503,22
503,20
503,17
503,14
503,12
503,9
503,6
503,4
502,3
502,0
501,2
501,0
500,2
499,4
499,2
498,4
498,1
497,3
497,1
496,4
496,1
495,4
495,1
494,3
494,0
493,3
493,0
492,2
492,0
491,5
491,2
490,3
490,1
489,3
489,0
488,4
488,1
487,4
487,2
486,5
486,2
485,4
485,2
484,5
484,2
484,0
483,3
483,0
482,3
482,1
481,4
481,1
480,5
480,2
479,4
479,1
478,5
478,2
477,3
477,1
476,4
476,1
475,5
475,2
474,7
474,4
474,2
473,5
473,2
473,0
472,2
471,6
471,3
471,1
470,4
470,1
469,5
469,2
468,5
468,2
468,0
467,5
467,2
467,0
466,2
465,6
465,3
465,1
464,5
464,2
464,0
463,1
462,2
462,0
461,5
461,2
460,3
460,1
459,4
459,1
458,4
458,1
457,4
457,1
456,5
456,2
455,6
455,4
455,1
454,4
454,1
453,4
453,1
452,5
452,3
452,0
451,4
451,2
450,11
450,8
450,5
450,3
450,0
449,2
449,0
448,4
448,1
447,2
447,0
446,1
445,2
445,0
444,1
443,2
442,3
442,1
441,2
440,3
440,1
439,2
438,3
438,1
437,2
436,9
436,6
436,4
436,1
434,4
434,2
433,4
433,1
432,4
432,2
431,4
431,1
430,7
430,4
430,1
429,3
429,1
428,3
428,0
427,3
427,0
426,4
426,1
425,4
425,1
424,3
424,1
423,2
422,7
422,5
422,2
421,4
421,1
420,4
420,1
419,4
419,2
418,6
418,3
418,0
417,3
417,0
416,6
416,4
416,1
415,5
415,2
415,0
414,3
414,0
413,5
413,2
412,5
412,3
412,0
411,4
411,1
410,5
410,2
409,4
409,2
408,5
408,2
407,6
407,4
407,1
406,3
406,1
405,3
405,0
404,3
404,1
403,3
403,0
402,5
402,2
401,6
401,3
401,1
400,5
400,2
400,0
399,6
399,3
399,1
398,4
398,1
397,5
397,3
397,0
396,3
396,1
395,5
395,2
394,6
394,4
394,1
393,3
393,1
392,2
391,5
391,2
391,0
390,2
389,4
389,2
388,5
388,2
388,0
387,3
387,0
386,2
386,0
385,2
384,5
384,3
384,0
383,4
383,1
382,3
382,0
381,2
381,0
380,3
380,0
379,4
379,2
378,5
378,2
378,0
377,4
377,1
376,4
376,2
375,6
375,3
375,1
374,4
374,1
373,7
373,4
373,1
372,3
372,1
371,3
371,0
370,3
370,0
369,3
369,0
368,3
368,0
367,2
367,0
366,3
366,0
365,6
365,4
365,1
364,5
364,3
364,0
363,2
363,0
362,3
362,0
361,3
361,1
360,3
360,0
359,3
359,0
358,3
358,0
357,3
357,0
356,5
356,3
356,0
355,2
354,6
354,4
354,1
353,3
353,1
352,3
352,0
351,5
351,2
350,6
350,3
350,1
349,4
349,1
348,5
348,2
347,7
347,4
347,2
346,5
346,2
346,0
345,2
344,4
344,1
343,4
343,1
342,3
342,1
341,4
341,1
340,7
340,5
340,2
339,4
339,2
338,3
338,0
337,4
337,1
336,3
336,0
335,3
335,0
334,4
334,2
333,4
333,1
332,5
332,3
332,0
331,5
331,3
331,0
330,2
329,7
329,5
329,2
328,6
328,4
328,1
327,5
327,3
327,0
326,4
326,1
325,9
325,6
325,3
325,1
324,6
324,3
324,0
323,3
323,0
322,2
322,0
321,3
321,0
320,4
320,2
319,6
319,3
319,1
318,4
318,1
317,5
317,3
317,0
316,3
316,1
315,3
315,0
314,3
314,0
313,3
313,0
312,4
312,1
311,4
311,2
310,4
310,1
309,5
309,3
309,0
308,2
308,0
307,2
306,8
306,5
306,3
306,0
305,5
305,3
305,0
304,5
304,3
304,0
303,2
302,4
302,2
301,4
301,1
300,7
300,4
300,1
299,7
299,5
299,2
298,3
298,1
297,5
297,2
296,6
296,4
296,1
295,4
295,2
294,7
294,4
294,1
293,7
293,4
293,1
292,8
292,5
292,2
292,0
291,3
291,0
290,2
290,0
289,2
288,4
288,2
287,5
287,2
286,4
286,2
285,5
285,2
285,0
284,2
283,4
283,1
282,4
282,1
281,3
281,1
280,3
280,0
279,3
279,0
278,2
277,4
277,2
276,4
276,1
275,4
275,1
274,3
274,0
273,3
273,0
272,2
272,0
271,4
271,1
270,3
270,1
269,3
269,0
268,3
268,0
267,3
267,1
266,1
265,4
265,0
264,3
263,4
263,0
262,3
261,4
261,0
260,1
259,4
259,0
258,1
257,3
256,3
255,3
254,3
254,0
253,0
252,0
251,1
250,3
249,3
248,3
248,0
247,0
246,3
246,0
245,1
244,3
244,0
243,1
242,3
241,4
241,1
240,4
240,0
239,3
238,5
238,1
237,5
237,3
237,0
236,0
235,4
235,0
234,0
233,3
233,0
232,1
231,4
231,1
230,3
229,5
229,1
228,5
228,1
227,3
227,0
226,1
225,5
225,3
224,3
223,3
222,3
222,0
221,0
220,4
220,1
219,3
218,4
218,0
217,3
216,5
216,0
215,3
214,5
214,0
213,1
212,4
212,0
211,1
210,4
210,0
209,1
208,7
208,0
207,4
207,0
206,3
205,4
205,0
204,3
203,3
202,3
201,4
201,2
200,3
199,6
199,4
199,1
198,3
198,0
197,3
196,3
195,3
195,0
194,1
193,3
193,0
192,1
191,4
191,0
190,3
189,4
189,0
188,4
188,0
187,1
186,3
186,0
185,1
184,5
184,1
183,3
182,6
182,1
181,5
181,1
180,3
180,0
179,1
178,3
177,5
177,3
176,4
176,0
175,1
174,4
173,8
173,6
173,2
172,0
171,0
170,4
170,0
169,1
168,4
168,0
167,3
166,4
166,1
165,6
165,3
165,1
164,13
164,10
164,7
164,5
164,2
163,4
163,1
162,4
162,0
161,5
161,1
160,6
160,3
160,1
159,3
159,0
158,3
157,3
156,5
156,2
156,0
155,1
154,3
154,0
153,3
152,11
152,8
152,6
152,2
151,1
150,4
150,1
149,1
148,3
147,3
146,3
145,3
145,0
144,3
143,5
143,3
143,0
142,1
141,1
140,5
140,0
139,1
138,4
138,0
137,4
137,0
136,3
135,5
135,0
134,5
134,1
133,1
132,5
132,3
131,5
131,2
131,0
130,0
129,1
128,4
128,0
127,10
127,7
127,5
127,2
126,11
126,9
126,6
126,3
126,0
125,8
125,5
125,2
125,0
124,1
123,8
123,5
123,3
123,0
122,10
122,8
122,5
122,2
122,0
121,3
121,0
120,3
120,0
119,3
118,4
118,1
117,3
116,4
116,0
115,1
114,1
113,3
113,1
112,3
112,0
111,1
110,3
110,0
109,2
109,0
108,0
107,0
106,0
105,1
104,1
103,1
102,3
101,4
101,0
100,5
100,2
99,7
99,4
99,2
98,4
98,0
97,3
96,4
96,1
95,4
95,1
94,5
94,2
94,0
93,3
93,0
92,4
92,2
91,7
91,4
91,2
90,7
90,4
90,2
89,4
89,0
88,0
87,1
86,4
86,0
85,5
85,1
84,41
84,38
84,36
84,33
84,30
84,28
84,25
84,22
84,19
84,17
84,14
84,11
84,9
84,6
84,3
84,0
83,9
83,6
83,3
83,1
82,4
82,0
81,4
81,0
80,3
79,5
79,3
78,12
78,9
78,7
78,4
78,1
77,1
76,6
76,3
76,0
75,3
74,9
74,1
73,1
72,3
71,3
70,3
70,0
69,0
68,0
67,1
66,3
65,3
64,6
64,4
64,1
63,4
63,2
62,18
62,15
62,12
62,10
62,7
62,4
62,2
61,8
61,4
60,3
60,0
59,2
58,5
58,3
57,6
57,0
56,5
56,1
55,3
54,5
54,3
53,5
53,1
52,5
52,1
51,6
51,3
51,0
50,4
50,0
49,6
49,1
48,5
48,1
47,4
47,1
46,1
45,5
45,0
44,1
43,13
43,11
43,6
43,3
43,0
42,3
41,5
41,3
41,0
40,3
40,0
39,3
38,4
38,1
37,5
37,1
36,8
36,5
36,3
36,0
35,5
35,3
35,0
34,4
34,1
33,6
33,3
32,6
32,3
31,4
31,0
30,5
30,1
29,3
28,8
28,6
28,3
28,0
27,24
27,21
27,18
27,15
27,13
27,10
27,7
27,5
27,2
26,21
26,18
26,16
26,13
26,10
26,8
26,5
26,2
25,25
25,23
25,20
25,17
25,15
25,12
25,9
25,7
25,4
25,1
24,8
24,6
24,3
24,0
4,2
3,6
3,3
3,0
2,131
2,128
2,125
2,123
2,120
2,117
2,114
2,112
2,109
2,106
2,104
2,101
2,98
2,96
2,93
2,90
2,87
2,85
2,82
2,79
2,77
2,74
2,71
2,68
2,66
2,35
2,32
2,30
2,27
2,24
2,21
2,19
2,16
2,13
2,11
2,8
2,5
0,381
0,274
0,343
0,273
0,425
0,272
0,421
0,271
0,378
0,270
0,318
0,269
0,372
0,268
0,332
0,267
0,467
0,266
0,423
0,265
0,507
0,264
0,398
0,263
0,500
0,262
0,496
0,261
0,329
0,260
0,387
0,259
0,420
0,258
0,257
0,495
0,256
0,419
0,255
0,326
0,254
0,494
0,253
0,416
0,252
0,355
0,251
0,316
0,250
0,488
0,249
0,383
0,248
0,414
0,247
0,486
0,246
0,354
0,245
0,363
0,244
0,311
0,242
0,502
0,241
0,395
0,240
0,346
0,239
0,501
0,238
0,380
0,237
0,340
0,236
0,470
0,235
0,407
0,234
0,362
0,233
0,348
0,232
0,473
0,231
0,361
0,230
0,478
0,229
0,413
0,228
0,321
0,227
0,399
0,226
0,225
0,412
0,224
0,347
0,223
0,323
0,222
0,313
0,221
0,333
0,220
0,356
0,219
0,392
0,218
0,371
0,217
0,327
0,216
0,344
0,215
0,315
0,214
0,406
0,213
0,493
0,212
0,314
0,211
0,351
0,210
0,410
0,209
0,342
0,208
0,393
0,207
0,480
0,206
0,338
0,205
0,408
0,204
0,370
0,203
0,379
0,202
0,339
0,201
0,400
0,200
0,353
0,199
0,367
0,198
0,369
0,197
0,335
0,196
0,437
0,195
0,359
0,194
0,386
0,193
0,394
0,192
0,345
0,63
0,334
0,62
0,309
0,61
0,477
0,60
0,59
0,471
0,58
0,366
0,57
0,337
0,56
0,487
0,55
0,504
0,54
0,325
0,53
0,306
0,52
0,436
0,51
0,433
0,50
0,405
0,49
0,390
0,48
0,47
0,301
0,46
0,442
0,45
0,508
0,6
0,5
0,1
0,431
0,11
0,4
0,2
0,3
0,7
